State_Name,State_District_Name,AA_Sample_Units_Total,AA_Sample_Units_Rural,AA_Sample_Units_Urban,AA_Households_Total,AA_Households_Rural,AA_Households_Urban,AA_Population_Total,AA_Population_Rural,AA_Population_Urban,AA_Ever_Married_Women_Aged_15_49_Years_Total,AA_Ever_Married_Women_Aged_15_49_Years_Rural,AA_Ever_Married_Women_Aged_15_49_Years_Urban,AA_Currently_Married_Women_Aged_15_49_Years_Total,AA_Currently_Married_Women_Aged_15_49_Years_Rural,AA_Currently_Married_Women_Aged_15_49_Years_Urban,AA_Children_12_23_Months_Total,AA_Children_12_23_Months_Rural,AA_Children_12_23_Months_Urban
Assam,Barpeta,53,47,6,13711,12765,946,64606,60293,4313,12541,11692,849,11876,11075,801,2371,2261,110
Assam,Bongaigaon,89,73,16,17384,14904,2480,84012,73899,10113,16781,14591,2190,15533,13566,1967,2451,2259,192
Assam,Cachar,105,84,21,27488,24207,3281,127158,112171,14987,23693,20881,2812,21536,18957,2579,5709,5122,587
Assam,Darrang,26,24,2,5951,5769,182,29048,28256,792,5424,5277,147,5027,4886,141,984,950,34
Assam,Dhemaji,121,108,13,14481,12619,1862,75451,66537,8914,14159,12392,1767,13529,11856,1673,3467,3103,364
Assam,Dhubri,42,35,7,11001,9954,1047,50992,46337,4655,10136,9192,944,9498,8624,874,1556,1453,103
Assam,Dibrugarh,91,66,25,21378,16514,4864,97268,76433,20835,19376,15084,4292,18037,14064,3973,3509,2926,583
Assam,Goalpara,64,56,8,15891,14630,1261,75890,70273,5617,15297,14114,1183,14293,13201,1092,3009,2832,177
Assam,Golaghat,70,61,9,16021,14183,1838,72165,64579,7586,14248,12642,1606,13359,11846,1513,2387,2162,225
Assam,Hailakandi,10,8,2,2802,2381,421,13892,11986,1906,2501,2134,367,2267,1925,342,660,610,50
Assam,Jorhat,163,123,40,39114,30471,8643,172958,136355,36603,34941,27355,7586,32640,25582,7058,5966,4927,1039
Assam,Kamrup,151,80,71,39488,20987,18501,167282,97320,69962,32678,18831,13847,30506,17585,12921,4709,3104,1605
Assam,Karbi Anglong,89,74,15,13588,10568,3020,66160,52081,14079,12141,9530,2611,11375,8954,2421,2398,1949,449
Assam,Karimganj,29,25,4,6691,6293,398,31888,30062,1826,5856,5496,360,5314,4975,339,1491,1444,47
Assam,Kokrajhar,25,22,3,3944,3553,391,19029,17284,1745,3614,3246,368,3359,3015,344,623,566,57
Assam,Lakhimpur,32,28,4,5823,4991,832,28713,24900,3813,5549,4801,748,5187,4482,705,1463,1301,162
Assam,Marigaon,115,106,9,27372,26186,1186,136270,131142,5128,25933,24805,1128,24292,23252,1040,5704,5544,160
Assam,Nagaon,71,58,13,18952,16291,2661,88124,77051,11073,17232,14962,2270,15976,13869,2107,3941,3586,355
Assam,Nalbari,22,20,2,4966,4627,339,22760,21280,1480,4522,4236,286,4288,4023,265,784,757,27
Assam,North Cachar Hills,84,49,35,10127,4266,5861,44787,19318,25469,7946,3182,4764,7412,3021,4391,1312,609,703
Assam,Sibsagar,50,43,7,12855,11951,904,57972,54214,3758,11316,10581,735,10573,9881,692,1954,1861,93
Assam,Sonitpur,138,117,21,30255,27338,2917,143695,131125,12570,27274,24695,2579,25213,22812,2401,4724,4370,354
Assam,Tinsukia,144,105,39,29570,24318,5252,139490,115743,23747,26772,22061,4711,24859,20503,4356,5668,4999,669
Bihar,Araria,48,43,5,16028,15342,686,81612,77999,3613,14375,13745,630,13858,13248,610,3367,3238,129
Bihar,Aurangabad,59,51,8,10693,9839,854,63068,58263,4805,12204,11279,925,11827,10936,891,2652,2477,175
Bihar,Banka,68,63,5,16677,16131,546,81445,78689,2756,15734,15207,527,15148,14633,515,3695,3584,111
Bihar,Begusarai,56,52,4,18320,17683,637,92242,89013,3229,17631,17010,621,17080,16485,595,3903,3806,97
Bihar,Bhagalpur,53,39,14,14684,13043,1641,73983,65856,8127,13440,11960,1480,12944,11525,1419,2980,2775,205
Bihar,Bhojpur,83,66,17,17517,16012,1505,100271,91547,8724,19221,17667,1554,18571,17073,1498,4162,3864,298
Bihar,Buxar,74,64,10,17148,16241,907,100061,95048,5013,18678,17768,910,18172,17301,871,4314,4148,166
Bihar,Darbhanga,55,48,7,17074,16476,598,84212,81316,2896,14613,14070,543,14289,13763,526,2905,2802,103
Bihar,Gaya,51,41,10,8931,7471,1460,50695,42329,8366,10001,8421,1580,9637,8119,1518,2188,1869,319
Bihar,Gopalganj,72,65,7,16006,15225,781,95703,91371,4332,16210,15467,743,15942,15206,736,3785,3636,149
Bihar,Jamui,43,38,5,9045,8597,448,49514,46921,2593,10168,9709,459,9892,9451,441,2176,2097,79
Bihar,Jehanabad,98,87,11,21897,20629,1268,113895,107006,6889,21855,20575,1280,21206,19981,1225,4321,4088,233
Bihar,Kaimur (Bhabua),57,54,3,10555,10181,374,62188,60063,2125,11679,11291,388,11381,11006,375,2905,2833,72
Bihar,Katihar,53,46,7,18411,17653,758,87988,84271,3717,15611,14931,680,15169,14519,650,3447,3340,107
Bihar,Khagaria,74,67,7,24783,23925,858,132692,128255,4437,23414,22620,794,22999,22221,778,4745,4626,119
Bihar,Kishanganj,38,32,6,12616,11633,983,61807,57103,4704,10371,9582,789,9917,9165,752,2316,2179,137
Bihar,Lakhisarai,86,68,18,21059,19457,1602,117494,108830,8664,22366,20713,1653,21621,20033,1588,4487,4231,256
Bihar,Madhepura,50,46,4,20109,19539,570,103525,100899,2626,19056,18532,524,18594,18086,508,4547,4495,52
Bihar,Madhubani,82,77,5,25902,25639,263,129408,128092,1316,23393,23150,243,22939,22700,239,5630,5562,68
Bihar,Munger,86,54,32,18539,15325,3214,94844,77808,17036,17250,14183,3067,16572,13661,2911,3775,3261,514
Bihar,Muzaffarpur,72,62,10,21181,20284,897,107391,103139,4252,19254,18445,809,18748,17967,781,3555,3458,97
Bihar,Nalanda,74,58,16,15101,13648,1453,80637,72727,7910,16120,14706,1414,15523,14174,1349,2969,2694,275
Bihar,Nawada,60,53,7,12068,11363,705,71744,67568,4176,14427,13637,790,13948,13188,760,2691,2551,140
Bihar,Pashchim Champaran,35,29,6,9613,9106,507,49614,47113,2501,8949,8498,451,8776,8337,439,2037,1952,85
Bihar,Patna,128,61,67,26624,17158,9466,141204,93687,47517,26935,17868,9067,25872,17230,8642,5352,4029,1323
Bihar,Purba Champaran,47,42,5,16381,15515,866,90990,86127,4863,16330,15428,902,16108,15220,888,3802,3622,180
Bihar,Purnia,36,31,5,10344,9421,923,48915,44326,4589,8697,7861,836,8458,7659,799,2093,1935,158
Bihar,Rohtas,59,47,12,12288,11044,1244,72643,65401,7242,13549,12291,1258,13130,11931,1199,3373,3092,281
Bihar,Saharsa,43,37,6,14545,13201,1344,72565,65945,6620,13043,11807,1236,12712,11500,1212,3140,2945,195
Bihar,Samastipur,65,61,4,17185,16734,451,86613,84410,2203,16003,15579,424,15694,15282,412,3037,2969,68
Bihar,Saran,65,56,9,14459,13370,1089,79081,73074,6007,13847,12821,1026,13498,12505,993,3172,2962,210
Bihar,Sheikhpura,63,49,14,12180,11109,1071,67490,61398,6092,13112,11971,1141,12683,11586,1097,3359,3157,202
Bihar,Sheohar,41,38,3,14986,14537,449,71690,69401,2289,12576,12153,423,12323,11916,407,3709,3520,189
Bihar,Sitamarhi,49,44,5,15302,14372,930,71440,67274,4166,12834,12074,760,12505,11773,732,3002,2809,193
Bihar,Siwan,101,92,9,25888,23838,2050,148425,137164,11261,24853,22856,1997,24313,22391,1922,4584,4201,383
Bihar,Supaul,64,59,5,19597,18936,661,95947,92714,3233,17982,17399,583,17668,17098,570,4229,4122,107
Bihar,Vaishali,68,61,7,18948,18353,595,94831,91759,3072,17818,17235,583,17379,16831,548,3126,3058,68
Chhattisgarh,Bastar,70,59,11,15806,14306,1500,71531,64521,7010,13396,12049,1347,12331,11088,1243,2255,2044,211
Chhattisgarh,Bilaspur,90,60,30,25088,16995,8093,106626,69602,37024,21042,13790,7252,19553,12853,6700,3430,2468,962
Chhattisgarh,Dantewada,81,72,9,15125,12951,2174,68561,59583,8978,13204,11258,1946,12027,10277,1750,2266,1920,346
Chhattisgarh,Dhamtari,97,78,19,23223,20373,2850,106459,94023,12436,21814,19315,2499,20156,17922,2234,3884,3464,420
Chhattisgarh,Durg,119,61,58,25646,15496,10150,120957,74687,46270,24660,15106,9554,23077,14157,8920,4328,2769,1559
Chhattisgarh,Janjgir-Champa,77,64,13,22495,20254,2241,96586,87836,8750,18061,16406,1655,16952,15426,1526,3059,2828,231
Chhattisgarh,Jashpur,54,50,4,12120,11508,612,56239,53556,2683,10863,10312,551,10082,9575,507,1896,1839,57
Chhattisgarh,Kanker,61,56,5,11799,11049,750,51645,48397,3248,10568,9910,658,9511,8934,577,1478,1391,87
Chhattisgarh,Kawardha,31,27,4,6639,5359,1280,28592,23342,5250,5780,4724,1056,5416,4432,984,1063,851,212
Chhattisgarh,Korba,117,62,55,28153,16965,11188,117747,68935,48812,24064,13887,10177,22278,12790,9488,4277,2794,1483
Chhattisgarh,Koriya,61,37,24,11402,8093,3309,48871,33664,15207,10148,7167,2981,9432,6697,2735,2153,1676,477
Chhattisgarh,Mahasamund,62,52,10,13895,12304,1591,56921,50427,6494,11557,10248,1309,10701,9533,1168,1680,1505,175
Chhattisgarh,Raigarh,91,73,18,19317,16505,2812,77735,64938,12797,15535,13005,2530,14406,12093,2313,2881,2478,403
Chhattisgarh,Raipur,115,69,46,27085,19007,8078,124335,86636,37699,24665,17053,7612,22933,15916,7017,3421,2399,1022
Chhattisgarh,Rajnandgaon,63,47,16,12470,9853,2617,58000,46595,11405,11824,9550,2274,10902,8831,2071,1900,1585,315
Chhattisgarh,Surguja,66,59,7,16822,15536,1286,73504,67674,5830,14762,13555,1207,13806,12691,1115,3451,3273,178
Jharkhand,Bokaro,106,47,59,21645,13042,8603,109548,65779,43769,21646,13218,8428,20497,12471,8026,4644,3046,1598
Jharkhand,Chatra,72,66,6,12282,11282,1000,69267,63510,5757,12987,12013,974,12476,11550,926,2398,2206,192
Jharkhand,Deoghar,67,54,13,10177,8261,1916,54269,44608,9661,11067,9159,1908,10598,8760,1838,1815,1569,246
Jharkhand,Dhanbad,121,45,76,22724,11849,10875,118510,61300,57210,22763,12085,10678,21277,11314,9963,4769,2939,1830
Jharkhand,Dumka,83,75,8,11265,10339,926,55026,50636,4390,11408,10492,916,10648,9798,850,2734,2600,134
Jharkhand,Garhwa,79,74,5,20717,19654,1063,106313,100822,5491,19725,18659,1066,19177,18156,1021,3129,2968,161
Jharkhand,Giridih,112,101,11,20259,19266,993,117241,111633,5608,23850,22803,1047,22975,21992,983,4090,3941,149
Jharkhand,Godda,60,56,4,13249,12550,699,67445,63911,3534,12790,12108,682,12224,11569,655,2704,2601,103
Jharkhand,Gumla,154,141,13,33467,31471,1996,166488,156732,9756,29190,27485,1705,26940,25386,1554,7514,7174,340
Jharkhand,Hazaribagh,98,67,31,22829,19252,3577,124592,105798,18794,24930,21400,3530,23816,20481,3335,4328,3831,497
Jharkhand,Kodarma,72,54,18,12349,10701,1648,72466,63071,9395,14701,12869,1832,14026,12290,1736,2589,2299,290
Jharkhand,Lohardaga,107,87,20,22851,20510,2341,118200,106222,11978,20995,18815,2180,19514,17456,2058,5394,4964,430
Jharkhand,Pakaur,33,30,3,6472,6007,465,31934,29825,2109,6344,5909,435,5902,5486,416,1652,1597,55
Jharkhand,Palamu,131,119,12,25256,24045,1211,134018,127246,6772,24457,23300,1157,23587,22486,1101,4188,3996,192
Jharkhand,Pashchimi Singhbhum,126,96,30,21904,18551,3353,104482,88412,16070,18686,15546,3140,17333,14386,2947,4816,4254,562
Jharkhand,Purbi Singhbhum,279,97,182,37470,16513,20957,174472,75210,99262,35135,15307,19828,32951,14287,18664,5993,2974,3019
Jharkhand,Ranchi,137,75,62,26129,17666,8463,133247,90577,42670,24887,16779,8108,23089,15461,7628,5203,3776,1427
Jharkhand,Sahibganj,271,229,42,51689,47183,4506,261780,238744,23036,49915,45721,4194,46814,42876,3938,11814,11071,743
Madhya Pradesh,Balaghat,69,56,13,17292,14958,2334,73641,63229,10412,14732,12675,2057,13893,11976,1917,3271,2880,391
Madhya Pradesh,Barwani,55,43,12,10787,8860,1927,53874,45002,8872,10991,9116,1875,10539,8785,1754,2781,2284,497
Madhya Pradesh,Betul,80,59,21,15615,12333,3282,70327,56024,14303,13355,10533,2822,12599,9960,2639,2865,2370,495
Madhya Pradesh,Bhind,93,63,30,22756,15478,7278,106513,71772,34741,19869,13117,6752,19102,12620,6482,3521,2541,980
Madhya Pradesh,Bhopal,111,16,95,16609,2443,14166,76043,11722,64321,15194,2178,13016,14449,2084,12365,2614,525,2089
Madhya Pradesh,Chhatarpur,46,32,14,9252,7197,2055,43340,33494,9846,7907,6074,1833,7704,5930,1774,1927,1570,357
Madhya Pradesh,Chhindwara,59,39,20,9442,6589,2853,42742,30060,12682,8233,5791,2442,7743,5470,2273,1860,1390,470
Madhya Pradesh,Damoh,42,31,11,10028,7713,2315,41400,31221,10179,8141,6219,1922,7817,5996,1821,1821,1413,408
Madhya Pradesh,Datia,40,28,12,7202,4648,2554,33458,21526,11932,6528,4265,2263,6317,4113,2204,1189,804,385
Madhya Pradesh,Dewas,74,47,27,13798,8913,4885,70575,45950,24625,14586,9532,5054,14088,9215,4873,2512,1671,841
Madhya Pradesh,Dhar,41,31,10,7495,5888,1607,38985,30856,8129,7892,6230,1662,7526,5955,1571,1381,1032,349
Madhya Pradesh,Dindori,45,41,4,8284,7623,661,34474,31730,2744,7201,6629,572,6664,6161,503,1689,1556,133
Madhya Pradesh,East Nimar,58,37,21,11371,8584,2787,56169,41485,14684,10478,7896,2582,10019,7580,2439,2359,1824,535
Madhya Pradesh,Guna,33,23,10,5679,3721,1958,29399,19421,9978,5700,3751,1949,5548,3655,1893,1165,863,302
Madhya Pradesh,Gwalior,65,20,45,12799,4150,8649,63269,20355,42914,12146,3947,8199,11648,3821,7827,2007,699,1308
Madhya Pradesh,Harda,75,53,22,14547,10890,3657,68116,51287,16829,13234,9963,3271,12812,9682,3130,2622,1984,638
Madhya Pradesh,Hoshangabad,95,56,39,18249,10681,7568,83096,49606,33490,16031,9542,6489,15351,9180,6171,2731,1754,977
Madhya Pradesh,Indore,107,23,84,24253,5549,18704,120277,28802,91475,24765,6024,18741,23557,5777,17780,3841,1045,2796
Madhya Pradesh,Jabalpur,99,33,66,17703,6046,11657,77369,25918,51451,14957,5137,9820,14245,4878,9367,2180,690,1490
Madhya Pradesh,Jhabua,43,37,6,8535,7493,1042,47714,42523,5191,9076,8000,1076,8784,7765,1019,1408,1251,157
Madhya Pradesh,Katni,43,30,13,11016,7982,3034,45637,33037,12600,8996,6530,2466,8580,6271,2309,1988,1502,486
Madhya Pradesh,Mandla,59,50,9,10498,8831,1667,45198,37939,7259,9418,7963,1455,8789,7444,1345,2058,1780,278
Madhya Pradesh,Mandsaur,65,48,17,14234,11066,3168,67375,51708,15667,14537,11239,3298,13806,10710,3096,1990,1487,503
Madhya Pradesh,Morena,43,30,13,10107,7587,2520,49936,36842,13094,9662,7119,2543,9361,6901,2460,1995,1568,427
Madhya Pradesh,Narsimhapur,48,37,11,10241,8621,1620,44098,36804,7294,8866,7419,1447,8492,7121,1371,1727,1485,242
Madhya Pradesh,Neemuch,61,38,23,13151,8735,4416,59774,38271,21503,12826,8432,4394,12182,8004,4178,2525,1593,932
Madhya Pradesh,Panna,35,28,7,6539,5333,1206,28645,23106,5539,5264,4242,1022,5105,4125,980,1141,965,176
Madhya Pradesh,Raisen,39,29,10,5765,4014,1751,27882,19755,8127,5071,3551,1520,4908,3451,1457,1102,834,268
Madhya Pradesh,Rajgarh,47,35,12,8455,6918,1537,37074,29816,7258,7866,6363,1503,7564,6131,1433,1684,1412,272
Madhya Pradesh,Ratlam,49,29,20,9741,5157,4584,45513,23036,22477,9620.44,5058.45,4562,9074.41,4798.43,4276,2414,1398,1016
Madhya Pradesh,Rewa,42,32,10,8438,6897,1541,33914,27490,6424,6336,5127,1209,6121,4968,1153,1520,1335,185
Madhya Pradesh,Sagar,47,29,18,9413,6091,3322,41729,26575,15154,8003,5122,2881,7608,4902,2706,1859,1334,525
Madhya Pradesh,Satna,60,43,17,15377,11330,4047,64536,47229,17307,12397,9023,3374,12019,8762,3257,2610,1970,640
Madhya Pradesh,Sehore,32,24,8,5273,4146,1127,28299,22458,5841,5389,4259,1130,5155,4086,1069,1360,1076,284
Madhya Pradesh,Seoni,43,36,7,8142,7162,980,35588,31112,4476,7085,6209,876,6714,5886,828,1444,1290,154
Madhya Pradesh,Shahdol,43,28,15,7779,5688,2091,31323,22245,9078,6367,4605,1762,6141,4446,1695,1111,855,256
Madhya Pradesh,Shajapur,58,43,15,11788,9328,2460,54970,42527,12443,11151,8687,2464,10728,8392,2336,2177,1637,540
Madhya Pradesh,Sheopur,42,32,10,10921,8996,1925,47462,38352,9110,9249,7562,1687,8985,7364,1621,1844,1565,279
Madhya Pradesh,Shivpuri,41,31,10,8780,7310,1470,42071,34718,7353,7946,6569,1377,7710,6389,1321,2125,1799,326
Madhya Pradesh,Sidhi,35,28,7,8022,6820,1202,36351,30953,5398,6748,5720,1028,6615,5598,1017,1410,1223,187
Madhya Pradesh,Tikamgarh,48,36,12,11647,9588,2059,51857,42382,9475,10029,8178,1851,9843,8048,1795,2111,1797,314
Madhya Pradesh,Ujjain,45,23,22,7688,4431,3257,37391,21794,15597,7788,4688,3100,7413,4473,2940,1670,972,698
Madhya Pradesh,Umaria,59,45,14,14813,11663,3150,60120,46981,13139,11992,9408,2584,11462,9019,2443,2548,2132,416
Madhya Pradesh,Vidisha,43,30,13,7945,4972,2973,37436,24232,13204,6785,4295,2490,6537,4161,2376,1850,1229,621
Madhya Pradesh,West Nimar,100,78,22,22342,18756,3586,104827,88010,16817,21419,18008,3411,20461,17271,3190,4040,3445,595
Odisha,Anugul,83,66,17,17406,14572,2834,74172,61797,12375,15845,13143,2702,14942,12404,2538,2448,2037,411
Odisha,Balangir,60,50,10,11768,10710,1058,47955,43245,4710,9490,8543,947,8939,8043,896,1844,1675,169
Odisha,Baleshwar,79,66,13,15412,13725,1687,65223,57924,7299,13856,12307,1549,13162,11684,1478,2386,2157,229
Odisha,Bargarh,84,74,10,20176,18658,1518,83506,76666,6840,16848,15447,1401,15762,14467,1295,2675,2478,197
Odisha,Baudh,46,42,4,5802,5282,520,24171,21914,2257,4590,4191,399,4337,3957,380,739,681,58
Odisha,Bhadrak,94,79,15,19043,17374,1669,90758,81931,8827,18062,16404,1658,17247,15704,1543,3345,3008,337
Odisha,Cuttack,114,72,42,22317,17364,4953,95013,73087,21926,18720,14407,4313,17826,13713,4113,2322,1838,484
Odisha,Debagarh,52,46,6,7942,6855,1087,30681,26277,4404,6397,5505,892,5983,5176,807,1095,974,121
Odisha,Dhenkanal,57,49,8,14092,13049,1043,59809,55111,4698,12340,11406,934,11682,10791,891,2475,2316,159
Odisha,Gajapati,65,55,10,10553,9095,1458,39319,34015,5304,7750,6643,1107,7029,6046,983,821,722,99
Odisha,Ganjam,67,50,17,14175,12234,1941,61213,52656,8557,12646,10913,1733,11737,10113,1624,1396,1219,177
Odisha,Jagatsinghapur,78,66,12,16026,14198,1828,62868,56298,6570,11953,10607,1346,11514,10202,1312,1352,1231,121
Odisha,Jajapur,74,69,5,17509,16757,752,78688,75303,3385,15698,15032,666,14890,14267,623,2688,2609,79
Odisha,Jharsuguda,213,113,100,41734,27681,14053,175022,113545,61477,34890,22402,12488,32360,20752,11608,5732,3632,2100
Odisha,Kalahandi,45,40,5,12307,11161,1146,45083,40578,4505,9261,8296,965,8852,7931,921,1155,1065,90
Odisha,Kandhamal,61,54,7,9708,8607,1101,37118,32426,4692,7112,6186,926,6518,5665,853,827,742,85
Odisha,Kendrapara,74,67,7,15506,14513,993,67621,63138,4483,13295,12424,871,12710,11870,840,1980,1856,124
Odisha,Kendujhar,97,78,19,15687,12590,3097,69999,55989,14010,14473,11523,2950,13497,10777,2720,2797,2279,518
Odisha,Khordha,226,105,121,44963,24084,20879,192676,109054,83622,39236,21350,17886,37453,20387,17066,4008,2518,1490
Odisha,Koraput,45,34,11,8975,7420,1555,35559,29362,6197,7326,6011,1315,6735,5542,1193,1352,1137,215
Odisha,Malkangiri,61,54,7,14183,12832,1351,59733,54315,5418,12637,11473,1164,11785,10720,1065,1731,1615,116
Odisha,Mayurbhanj,69,61,8,11756,10732,1024,49325,44955,4370,10111,9186,925,9294,8450,844,1793,1682,111
Odisha,Nabarangapur,39,35,4,12309,11668,641,50005,47533,2472,10345,9813,532,9714,9228,486,1235,1199,36
Odisha,Nayagarh,75,70,5,17973,17274,699,65190,62730,2460,13619,13085,534,13009,12512,497,1709,1655,54
Odisha,Nuapada,39,35,4,10153,9669,484,40581,38643,1938,7590,7199,391,7245,6876,369,1116,1064,52
Odisha,Puri,91,73,18,18552,15611,2941,81246,68576,12670,16114,13481,2633,15449,12957,2492,1679,1429,250
Odisha,Rayagada,54,43,11,9370,7481,1889,35464,28164,7300,7290,5743,1547,6549,5130,1419,764,635,129
Odisha,Sambalpur,60,38,22,11348,6995,4353,47946,28801,19145,9668,5747,3921,8855,5261,3594,1797,1085,712
Odisha,Sonapur,73,65,8,14937,13937,1000,59949,56001,3948,10774,10046,728,10224,9532,692,1538,1437,101
Odisha,Sundargarh,89,49,40,15383,10785,4598,66906,47118,19788,12915,8882,4033,12049,8250,3799,2169,1590,579
Rajasthan,Ajmer,69,34,35,12661,8595,4066,62077,42984,19093,12334,8621,3713,11728,8184,3544,1836,1354,482
Rajasthan,Alwar,61,48,13,12531,10883,1648,63431,56038,7393,12264,10875,1389,11869,10528,1341,1635,1441,194
Rajasthan,Banswara,44,39,5,10056,9575,481,50613,48420,2193,9558,9088,470,9241,8789,452,2142,2065,77
Rajasthan,Baran,52,39,13,9597,8159,1438,47071,40166,6905,9170,7851,1319,8759,7516,1243,2050,1772,278
Rajasthan,Barmer,57,50,7,9989,9243,746,56230,51838,4392,10443,9592,851,10152,9323,829,2801,2601,200
Rajasthan,Bharatpur,76,55,21,15455,13262,2193,82195,70940,11255,14650,12622,2028,14244,12277,1967,2414,2104,310
Rajasthan,Bhilwara,41,29,12,7055,6073,982,34011,28855,5156,7473,6369,1104,7061,6011,1050,984,844,140
Rajasthan,Bikaner,57,31,26,8976,6098,2878,47043,32824,14219,8960,6142,2818,8692,5979,2713,1032,749,283
Rajasthan,Bundi,56,41,15,10779,8730,2049,51903,42123,9780,10984,8994,1990,10457,8574,1883,1937,1624,313
Rajasthan,Chittaurgarh,56,43,13,9878,8386,1492,46014,39014,7000,10065,8621,1444,9512,8149,1363,1246,1084,162
Rajasthan,Churu,51,32,19,9179,7609,1570,50031,41493,8538,10085,8393,1692,9858,8217,1641,1208,1025,183
Rajasthan,Dausa,45,38,7,11573,10793,780,56247,52339,3908,10486,9781,705,10193,9514,679,1695,1596,99
Rajasthan,Dhaulpur,42,31,11,7200,5828,1372,41839,33491,8348,7334,5869,1465,7010,5602,1408,1814,1529,285
Rajasthan,Dungarpur,64,57,7,16102,15134,968,79867,75246,4621,15486,14503,983,14761,13825,936,3044,2913,131
Rajasthan,Ganganagar,88,57,31,13682,9839,3843,63722,46449,17273,12568,9098,3470,12081,8778,3303,1267,926,341
Rajasthan,Hanumangarh,58,42,16,11394,9838,1556,56623,49080,7543,11028,9590,1438,10624,9254,1370,1014,875,139
Rajasthan,Jaipur,82,33,49,13538,7023,6515,67309,37375,29934,13335,7435,5900,12882,7180,5702,1520,858,662
Rajasthan,Jaisalmer,48,37,11,7463,6143,1320,39634,33354,6280,7004,5739,1265,6833,5601,1232,965,827,138
Rajasthan,Jalor,56,49,7,13963,13191,772,72994,68996,3998,13989,13204,785,13524,12769,755,3468,3320,148
Rajasthan,Jhalawar,56,44,12,9564,8103,1461,46561,39469,7092,9844,8465,1379,9353,8063,1290,1728,1510,218
Rajasthan,Jhunjhunun,84,60,24,21572,18338,3234,102887,86708,16179,21214,17962,3252,20552,17373,3179,2524,2177,347
Rajasthan,Jodhpur,66,37,29,12981,9939,3042,67124,52403,14721,13027,9986,3041,12636,9715,2921,1455,1159,296
Rajasthan,Karauli,32,25,7,6492,5562,930,34118,29199,4919,6226,5327,899,5972,5113,859,1407,1247,160
Rajasthan,Kota,68,25,43,9148,4762,4386,43845,23330,20515,8790,4622,4168,8320,4394,3926,1534,827,707
Rajasthan,Nagaur,66,50,16,13929,12546,1383,76264,68414,7850,14828,13350,1478,14237,12820,1417,1591,1402,189
Rajasthan,Pali,64,45,19,14276,12110,2166,68494,57644,10850,13429,11213,2216,12754,10608,2146,2167,1848,319
Rajasthan,Rajsamand,38,31,7,9546,8438,1108,44537,39193,5344,9511,8425,1086,8961,7934,1027,1556,1409,147
Rajasthan,Sawai Madhopur,34,25,9,6347,5185,1162,32486,26339,6147,6182,5025,1157,5968,4852,1116,1367,1156,211
Rajasthan,Sikar,81,58,23,16374,14046,2328,86858,74501,12357,17386,14919,2467,16911,14512,2399,1777,1539,238
Rajasthan,Sirohi,52,39,13,11466,10382,1084,56009,50684,5325,10930,9892,1038,10364,9378,986,2088,1954,134
Rajasthan,Tonk,55,39,16,12031,10063,1968,61700,50727,10973,12976,10794,2182,12402,10319,2083,2137,1755,382
Rajasthan,Udaipur,42,31,11,7874,6430,1444,38379,31381,6998,7696,6212,1484,7366,5966,1400,1828,1577,251
Uttar Pradesh,Agra,96,44,52,20911,12354,8557,125614,75549,50065,22161,13372,8789,21273,12917,8356,5658,3480,2178
Uttar Pradesh,Aligarh,46,28,18,8844,6498,2346,52583,37602,14981,8743,6406,2337,8350,6134,2216,2010,1537,473
Uttar Pradesh,Allahabad,54,36,18,11563,9098,2465,61029,48672,12357,11068,8852,2216,10603,8513,2090,2954,2595,359
Uttar Pradesh,Ambedkar Nagar,36,31,5,7923,7311,612,44698,41251,3447,8085,7471,614,7794,7203,591,1894,1753,141
Uttar Pradesh,Auraiya,88,71,17,21590,18312,3278,107619,91157,16462,17882,15017,2865,17244,14504,2740,3627,3179,448
Uttar Pradesh,Azamgarh,83,73,10,16962,15675,1287,103165,95444,7721,18127,16847,1280,17543,16303,1240,4429,4135,294
Uttar Pradesh,Baghpat,72,52,20,15648,13538,2110,95759,82449,13310,15931,13808,2123,15274,13243,2031,3848,3297,551
Uttar Pradesh,Bahraich,76,65,11,22906,21749,1157,121402,114455,6947,21397,20275,1122,20672,19602,1070,6887,6601,286
Uttar Pradesh,Ballia,56,47,9,15606,14265,1341,87623,80144,7479,14713,13511,1202,14210,13053,1157,3076,2873,203
Uttar Pradesh,Balrampur,32,28,4,7315,7044,271,42016,40418,1598,7615,7359,256,7426,7186,240,2708,2651,57
Uttar Pradesh,Banda,47,40,7,11915,10974,941,59266,54794,4472,10018,9207,811,9620,8855,765,3296,3092,204
Uttar Pradesh,Barabanki,46,39,7,11232,10594,638,58722,54961,3761,9735,9149,586,9388,8835,553,2704,2539,165
Uttar Pradesh,Bareilly,67,38,29,13678,9155,4523,78492,52896,25596,12703,8489,4214,12151,8199,3952,3618,2643,975
Uttar Pradesh,Basti,55,50,5,8393,7678,715,48055,44071,3984,8409,7715,694,8099,7425,674,2132,2016,116
Uttar Pradesh,Bijnor,46,31,15,8748,6962,1786,49416,39065,10351,8164,6514,1650,7805,6253,1552,2011,1607,404
Uttar Pradesh,Budaun,39,29,10,8999,7710,1289,51993,44488,7505,8673,7388,1285,8326,7099,1227,2895,2499,396
Uttar Pradesh,Bulandshahar,44,30,14,10578,7846,2732,59473,43608,15865,10229,7507,2722,9787,7185,2602,2601,1937,664
Uttar Pradesh,Chandauli,70,59,11,15936,14482,1454,92389,84197,8192,17283,15865,1418,16753,15399,1354,3492,3242,250
Uttar Pradesh,Chitrakoot,66,56,10,16937,15538,1399,88832,81889,6943,14998,13786,1212,14481,13336,1145,3732,3565,167
Uttar Pradesh,Deoria,60,52,8,11641,10620,1021,65914,60464,5450,11974,10990,984,11616,10667,949,2827,2646,181
Uttar Pradesh,Etah,45,34,11,9054,8078,976,52944,47323,5621,8662,7684,978,8322,7398,924,2755,2492,263
Uttar Pradesh,Etawah,66,45,21,16067,12867,3200,76793,61926,14867,13043,10541,2502,12588,10169,2419,3061,2617,444
Uttar Pradesh,Faizabad,50,40,10,12075,10875,1200,62219,55957,6262,11335,10275,1060,10841,9833,1008,2487,2305,182
Uttar Pradesh,Farrukhabad,37,29,8,10364,8935,1429,54111,46683,7428,8992,7776,1216,8624,7496,1128,2567,2290,277
Uttar Pradesh,Fatehpur,46,39,7,11582,10522,1060,60209,54916,5293,9722,8831,891,9268,8441,827,2382,2219,163
Uttar Pradesh,Firozabad,49,29,20,11053,8703,2350,62573,48676,13897,10248,7978,2270,9825,7668,2157,2902,2377,525
Uttar Pradesh,Gautam Buddha Nagar,89,46,43,16323,11694,4629,89498,67182,22316,17154,12895,4259,16545,12410,4135,4167,3268,899
Uttar Pradesh,Ghaziabad,98,34,64,20612,9565,11047,112985,56315,56670,20356,9715,10641,19628,9343,10285,4204,2145,2059
Uttar Pradesh,Ghazipur,47,41,6,10337,9575,762,62521,58162,4359,11300,10525,775,10894,10159,735,2907,2746,161
Uttar Pradesh,Gonda,52,46,6,14169,13518,651,74324,70564,3760,13016,12380,636,12613,12020,593,3675,3506,169
Uttar Pradesh,Gorakhpur,75,54,21,17975,12617,5358,96497,67901,28596,17926,12850,5076,17270,12426,4844,3756,2915,841
Uttar Pradesh,Hamirpur,53,41,12,13042,11229,1813,62783,54416,8367,10434,8909,1525,10055,8631,1424,2491,2212,279
Uttar Pradesh,Hardoi,37,30,7,10040,8969,1071,52567,46936,5631,8719,7767,952,8397,7508,889,2279,2036,243
Uttar Pradesh,Hathras,43,31,12,9779,7883,1896,55062,44520,10542,9468,7606,1862,8996,7222,1774,2492,2090,402
Uttar Pradesh,Jalaun,53,36,17,10675,8618,2057,53505,42720,10785,9458,7590,1868,9107,7321,1786,2063,1646,417
Uttar Pradesh,Jaunpur,42,37,5,7272,6754,518,43285,40220,3065,7989,7430,559,7735,7193,542,1740,1614,126
Uttar Pradesh,Jhansi,60,29,31,16295,9038,7257,73590,39734,33856,14264,7860,6404,13775,7641,6134,2569,1633,936
Uttar Pradesh,Jyotiba Phule Nagar,35,24,11,6546,5247,1299,37927,30274,7653,6347,5057,1290,6096,4872,1224,1672,1361,311
Uttar Pradesh,Kannauj,125,95,30,27431,23253,4178,156432,131321,25111,26039,21773,4266,24797,20771,4026,7154,6147,1007
Uttar Pradesh,Kanpur Dehat,38,34,4,10543,9861,682,50626,47255,3371,8193,7637,556,7925,7389,536,1819,1697,122
Uttar Pradesh,Kanpur Nagar,136,33,103,29525,8432,21093,144182,40483,103699,25352,6444,18908,24139,6192,17947,4432,1590,2842
Uttar Pradesh,Kaushambi,49,43,6,13179,12195,984,67572,62438,5134,11468,10649,819,10984,10226,758,3349,3185,164
Uttar Pradesh,Kheri,41,34,7,12004,11032,972,60900,56245,4655,10373,9548,825,10065,9272,793,2378,2278,100
Uttar Pradesh,Kushinagar,32,29,3,8608,8455,153,48371,47425,946,8765,8608,157,8535,8385,150,2441,2397,44
Uttar Pradesh,Lalitpur,35,27,8,8108,7217,891,39529,35126,4403,7689,6876,813,7503,6736,767,1746,1608,138
Uttar Pradesh,Lucknow,100,27,73,21138,9323,11815,105538,47267,58271,18629,7907,10722,17708,7579,10129,3289,1775,1514
Uttar Pradesh,Maharajganj,44,40,4,12950,12274,676,68263,64373,3890,13206,12470,736,12869,12159,710,3157,3035,122
Uttar Pradesh,Mahoba,52,36,16,13461,9820,3641,63537,45973,17564,10791,7820,2971,10396,7559,2837,2493,1891,602
Uttar Pradesh,Mainpuri,55,43,12,10727,9170,1557,60823,51798,9025,10328,8849,1479,9843,8452,1391,2798,2415,383
Uttar Pradesh,Mathura,48,30,18,10406,7650,2756,59930,44037,15893,10513,7809,2704,10117,7526,2591,2457,1849,608
Uttar Pradesh,Mau,63,46,17,12606,10157,2449,74750,60305,14445,12312,10183,2129,11862,9813,2049,2924,2409,515
Uttar Pradesh,Meerut,68,28,40,12884,8209,4675,77688,50081,27607,13336,8575,4761,12828,8252,4576,3187,2168,1019
Uttar Pradesh,Mirzapur,37,30,7,6709,6063,646,38180,34551,3629,6873,6209,664,6630,5996,634,1600,1473,127
Uttar Pradesh,Moradabad,57,34,23,11054,8003,3051,66632,48627,18005,10546,7736,2810,10149,7475,2674,3398,2620,778
Uttar Pradesh,Muzaffarnagar,66,43,23,12812,10337,2475,75749,61454,14295,12757,10268,2489,12333,9931,2402,3319,2740,579
Uttar Pradesh,Pilibhit,36,27,9,7773,6674,1099,43038,36896,6142,7126,6113,1013,6861,5900,961,2239,1955,284
Uttar Pradesh,Pratapgarh,69,63,6,15695,15091,604,86770,83171,3599,15426,14824,602,14840,14264,576,3600,3434,166
Uttar Pradesh,Rae Bareli,52,44,8,12981,11924,1057,66935,61580,5355,11069,10169,900,10550,9700,850,1646,1547,99
Uttar Pradesh,Rampur,53,35,18,11435,8981,2454,66460,52283,14177,10732,8443,2289,10277,8124,2153,3541,2969,572
Uttar Pradesh,Saharanpur,52,34,18,10259,8321,1938,58510,47551,10959,10190,8264,1926,9818,8001,1817,2641,2191,450
Uttar Pradesh,Sant Kabir Nagar,44,39,5,8028,7448,580,43549,40327,3222,7888,7298,590,7633,7069,564,1886,1802,84
Uttar Pradesh,Sant Ravidas Nagar (Bhadohi),43,35,8,8974,7945,1029,55736,49036,6700,10518,9430,1088,10249,9207,1042,2038,1834,204
Uttar Pradesh,Shahjahanpur,45,32,13,9822,8194,1628,55307,46239,9068,9088,7531,1557,8740,7260,1480,3332,2904,428
Uttar Pradesh,Shrawasti,27,25,2,7483,7197,286,38131,36664,1467,7263,7000,263,7024,6773,251,2264,2211,53
Uttar Pradesh,Siddharthnagar,58,54,4,9919,9517,402,56238,53756,2482,10203,9869,334,9894,9576,318,3219,3142,77
Uttar Pradesh,Sitapur,37,30,7,9323,8521,802,50237,45469,4768,8174,7433,741,7865,7174,691,2696,2453,243
Uttar Pradesh,Sonbhadra,31,23,8,6838,5875,963,33562,29171,4391,6290,5474,816,6077,5304,773,1702,1591,111
Uttar Pradesh,Sultanpur,48,44,4,11251,10630,621,61923,58412,3511,10624,10055,569,10181,9645,536,2343,2211,132
Uttar Pradesh,Unnao,59,46,13,14128,12035,2093,69686,59491,10195,11280,9543,1737,10831,9163,1668,2448,2117,331
Uttar Pradesh,Varanasi,71,35,36,14974,8419,6555,86266,52489,33777,15689,9752,5937,15040,9445,5595,2660,1804,856
Uttarakhand,Almora,192,173,19,27360,25188,2172,120657,112008,8649,22598,20916,1682,21140,19579,1561,3664,3489,175
Uttarakhand,Bageshwar,162,156,6,26992,26231,761,114613,111343,3270,22718,22074,644,21279,20688,591,3744,3666,78
Uttarakhand,Chamoli,276,236,40,37152,30966,6186,161113,137156,23957,31160,26391,4769,29509,25014,4495,6145,5391,754
Uttarakhand,Champawat,42,34,8,6156,5251,905,28479,24238,4241,5565,4778,787,5210,4472,738,1038,893,145
Uttarakhand,Dehradun,367,133,234,66535,30772,35763,303009,147029,155980,56581,27553,29028,54234,26554,27680,10262,5771,4491
Uttarakhand,Haridwar,50,25,25,14873,8012,6861,69213,43437,25776,12450,7276,5174,11977,7027,4950,2506,1778,728
Uttarakhand,Nainital,110,59,51,21172,13421,7751,100544,63730,36814,18568,11914,6654,17652,11331,6321,3150,2041,1109
Uttarakhand,Pauri Garhwal,386,337,49,50397,44822,5575,213084,188897,24187,41250,36591,4659,39122,34666,4456,6844,6208,636
Uttarakhand,Pithoragarh,161,136,25,25265,20467,4798,102999,84627,18372,21408,17463,3945,20015,16283,3732,3358,2861,497
Uttarakhand,Rudraprayag,225,222,3,33117,32914,203,139025,138266,759,28470,28330,140,26788,26656,132,5090,5070,20
Uttarakhand,Tehri Garhwal,351,317,34,47792,42354,5438,205575,181918,23657,40347,35894,4453,38198,33893,4305,6946,6306,640
Uttarakhand,Udham Singh Nagar,81,45,36,17887,12393,5494,91518,64614,26904,16133,11268,4865,15414,10757,4657,3188,2234,954
Uttarakhand,Uttarkashi,98,89,9,17945,15683,2262,76648,67984,8664,14456,12776,1680,13805,12208,1597,2000,1814,186
